55.7522200
54.7430600
54.7825260
57.8136000
68.9791700
64.5401000
43.5991700
46.3496800
59.9386300
46.6790200
53.0444400
55.0415000
50.9067694
51.7727000
43.4289600
45.0448400
47.2313500
51.6720400
55.2103900
44.5888300
45.3531000
58.5213100
57.6298700
59.2239000
67.1620000
67.9397200
55.8067200
56.1365500
56.3286700
55.7887400
55.6365700
58.0104600
56.8519000
55.1540200
53.2000700
54.3282400
51.5405600
53.2006600
54.6269000
55.0794400
52.7316900
52.6031100
48.7193900
43.0366700
45.0428000
46.3077800
51.7373300
53.2520900
52.9650800
54.5293000
54.1960900
61.7849100
53.3605600
53.7155600
50.6107400
59.2239000
55.3333300
58.5966500
57.7664700
55.4500000
54.9924400
56.4977100
43.3119500
59.0130600
59.1333300
59.9258000
56.6387700
63.9069200
56.0920000
56.2511100
55.0968100
54.9157800
60.7076300
66.6823170
55.3948500
56.2624100
55.9116300
55.4241900
47.5136100
44.8908400
44.1053000
44.2233300
43.8471200
45.3352800
44.9571900
42.0677900
54.4814700
56.8497600
59.5353100
56.9971900
61.6764200
63.5670500
54.9749000
55.1711100
54.0979000
56.3448500
64.5635000
42.5588200
59.6033400
59.1181700