37.6155600
55.9677900
32.0441280
28.3496000
33.0925100
40.5433000
39.7256900
48.0407600
30.3141300
141.856290
158.650760
82.9346000
55.9125762
55.0988000	
39.9239100
38.9760300
39.7232800
39.1843000
34.2950800
33.5224000
36.4742900
31.2710400
39.8736800
39.8839800
32.4122900
32.8738900
38.9617800
40.3965800
44.0020500
49.1221400
51.8244700
56.2501700
60.6122000
61.4291500
50.1500000
48.3865700
46.0086100
45.0046400
39.6916000
38.7783300
41.4432600
39.5707600
44.5018300
44.6677800
41.9734000
44.2558300
36.1873500
34.3716700
36.0784900
36.2754200
37.6182200
34.3469100
83.7636100
91.4291700
36.5801500
39.8839800
86.0833300
49.6600700
40.9268600
65.3333300
73.3685900
84.9743700
45.6889500
54.6555600
37.9000000
32.3381900
47.8907800
38.1111200
54.2661000
93.5319400
36.6100600
37.4111400
28.7528300
31.4391390
43.8399200
34.3281700
37.7307600
37.5547200
42.1513900
37.3239000
39.0802000
42.0577800
46.7144500
42.8547200
34.1107900
48.2898700
53.4710300
53.2044800
45.4574300
40.9713900
50.8099400
53.6834800
60.3633000
59.6508300
61.5773000
37.5204100
39.8302000
27.6439300
60.5787000
28.0913700